LAMMPS (23 Jun 2022 - Update 2)
  using 8 OpenMP thread(s) per MPI task
Reading data file ...
  triclinic box = (0 0 0) to (14.405 14.405 14.405) with tilt (8.8205186e-16 8.8205186e-16 8.8205186e-16)
  1 by 1 by 1 MPI processor grid
  reading atoms ...
  300 atoms
Finding 1-2 1-3 1-4 neighbors ...
  special bond factors lj:    0        0        0       
  special bond factors coul:  0        0        0       
     0 = max # of 1-2 neighbors
     0 = max # of 1-3 neighbors
     0 = max # of 1-4 neighbors
     1 = max # of special neighbors
  special bonds CPU = 0.000 seconds
  read_data CPU = 0.002 seconds
Replicating atoms ...
  triclinic box = (0 0 0) to (28.81 14.405 14.405) with tilt (8.8205186e-16 8.8205186e-16 8.8205186e-16)
  1 by 1 by 1 MPI processor grid
  600 atoms
Finding 1-2 1-3 1-4 neighbors ...
  special bond factors lj:    0        0        0       
  special bond factors coul:  0        0        0       
     0 = max # of 1-2 neighbors
     0 = max # of 1-3 neighbors
     0 = max # of 1-4 neighbors
     1 = max # of special neighbors
  special bonds CPU = 0.000 seconds
  replicate CPU = 0.001 seconds
Generated 0 of 1 mixed pair_coeff terms from geometric mixing rule
Neighbor list info ...
  update every 1 steps, delay 0 steps, check yes
  max neighbors/atom: 2000, page size: 100000
  master list distance cutoff = 1
  ghost atom cutoff = 1
  binsize = 0.5, bins = 58 29 29
  1 neighbor lists, perpetual/occasional/extra = 1 0 0
  (1) pair zero, perpetual
      attributes: half, newton on
      pair build: half/bin/newton/tri
      stencil: half/bin/3d/tri
      bin: standard
Setting up Verlet run ...
  Unit style    : metal
  Current step  : 0
  Time step     : 0.00025
BML version: v2.2.0-108-ge28518b5
BML uses MAGMA
magma_queue_create
  4.148 -10.192 -1.273 -10.418 -1.576
 -10.192 -17.437 -2.737  3.661 -1.324
 -1.273 -2.737 -5.259  0.686  2.134
 -10.418  3.661  0.686 -4.601  0.770
 -1.576 -1.324  2.134  0.770 -7.702
  4.148 -10.192 -1.273 -10.418 -1.576
 -10.192 -17.437 -2.737  3.661 -1.324
 -1.273 -2.737 -5.259  0.686  2.134
 -10.418  3.661  0.686 -4.601  0.770
 -1.576 -1.324  2.134  0.770 -7.702
  3.510 -10.182 -1.282 -10.418 -1.581
 -10.182 -16.538 -2.785  3.740 -1.346
 -1.282 -2.785 -4.438  0.703  2.171
 -10.418  3.740  0.703 -3.755  0.788
 -1.581 -1.346  2.171  0.788 -6.921
  3.510 -10.182 -1.282 -10.418 -1.581
 -10.182 -16.538 -2.785  3.740 -1.346
 -1.282 -2.785 -4.438  0.703  2.171
 -10.418  3.740  0.703 -3.755  0.788
 -1.581 -1.346  2.171  0.788 -6.921
  3.512 -10.182 -1.282 -10.418 -1.581
 -10.182 -16.540 -2.785  3.739 -1.346
 -1.282 -2.785 -4.439  0.703  2.171
 -10.418  3.739  0.703 -3.757  0.788
 -1.581 -1.346  2.171  0.788 -6.922
  3.512 -10.182 -1.282 -10.418 -1.581
 -10.182 -16.540 -2.785  3.739 -1.346
 -1.282 -2.785 -4.439  0.703  2.171
 -10.418  3.739  0.703 -3.757  0.788
 -1.581 -1.346  2.171  0.788 -6.922
  3.514 -10.182 -1.282 -10.418 -1.581
 -10.182 -16.541 -2.785  3.739 -1.346
 -1.282 -2.785 -4.440  0.703  2.171
 -10.418  3.739  0.703 -3.758  0.787
 -1.581 -1.346  2.171  0.787 -6.923
  3.514 -10.182 -1.282 -10.418 -1.581
 -10.182 -16.541 -2.785  3.739 -1.346
 -1.282 -2.785 -4.440  0.703  2.171
 -10.418  3.739  0.703 -3.758  0.787
 -1.581 -1.346  2.171  0.787 -6.923
  3.674 -10.183 -1.281 -10.418 -1.581
 -10.183 -16.650 -2.779  3.725 -1.344
 -1.281 -2.779 -4.535  0.700  2.166
 -10.418  3.725  0.700 -3.861  0.785
 -1.581 -1.344  2.166  0.785 -7.013
  3.674 -10.183 -1.281 -10.418 -1.581
 -10.183 -16.650 -2.779  3.725 -1.344
 -1.281 -2.779 -4.535  0.700  2.166
 -10.418  3.725  0.700 -3.861  0.785
 -1.581 -1.344  2.166  0.785 -7.013
  3.664 -10.183 -1.281 -10.418 -1.581
 -10.183 -16.652 -2.779  3.726 -1.343
 -1.281 -2.779 -4.538  0.700  2.166
 -10.418  3.726  0.700 -3.863  0.785
 -1.581 -1.343  2.166  0.785 -7.016
  3.664 -10.183 -1.281 -10.418 -1.581
 -10.183 -16.652 -2.779  3.726 -1.343
 -1.281 -2.779 -4.538  0.700  2.166
 -10.418  3.726  0.700 -3.863  0.785
 -1.581 -1.343  2.166  0.785 -7.016
  3.654 -10.183 -1.281 -10.418 -1.581
 -10.183 -16.649 -2.779  3.726 -1.343
 -1.281 -2.779 -4.536  0.700  2.166
 -10.418  3.726  0.700 -3.860  0.785
 -1.581 -1.343  2.166  0.785 -7.014
  3.654 -10.183 -1.281 -10.418 -1.581
 -10.183 -16.649 -2.779  3.726 -1.343
 -1.281 -2.779 -4.536  0.700  2.166
 -10.418  3.726  0.700 -3.860  0.785
 -1.581 -1.343  2.166  0.785 -7.014
  3.654 -10.183 -1.281 -10.418 -1.581
 -10.183 -16.649 -2.779  3.726 -1.343
 -1.281 -2.779 -4.536  0.700  2.166
 -10.418  3.726  0.700 -3.860  0.785
 -1.581 -1.343  2.166  0.785 -7.014
  3.654 -10.183 -1.281 -10.418 -1.581
 -10.183 -16.649 -2.779  3.726 -1.343
 -1.281 -2.779 -4.536  0.700  2.166
 -10.418  3.726  0.700 -3.860  0.785
 -1.581 -1.343  2.166  0.785 -7.014
  3.654 -10.183 -1.281 -10.418 -1.581
 -10.183 -16.649 -2.779  3.726 -1.343
 -1.281 -2.779 -4.536  0.700  2.166
 -10.418  3.726  0.700 -3.860  0.785
 -1.581 -1.343  2.166  0.785 -7.014
  3.654 -10.183 -1.281 -10.418 -1.581
 -10.183 -16.649 -2.779  3.726 -1.343
 -1.281 -2.779 -4.536  0.700  2.166
 -10.418  3.726  0.700 -3.860  0.785
 -1.581 -1.343  2.166  0.785 -7.014
  3.654 -10.183 -1.281 -10.418 -1.581
 -10.183 -16.649 -2.779  3.726 -1.343
 -1.281 -2.779 -4.536  0.700  2.166
 -10.418  3.726  0.700 -3.860  0.785
 -1.581 -1.343  2.166  0.785 -7.014
  3.654 -10.183 -1.281 -10.418 -1.581
 -10.183 -16.649 -2.779  3.726 -1.343
 -1.281 -2.779 -4.536  0.700  2.166
 -10.418  3.726  0.700 -3.860  0.785
 -1.581 -1.343  2.166  0.785 -7.014
Per MPI rank memory allocation (min/avg/max) = 13.63 | 13.63 | 13.63 Mbytes
   Step          Temp          PotEng         TotEng         Press     
         0   300           -2743.4553     -2720.2272     -1491.3269    
  3.567 -10.108 -1.243 -10.351 -1.607
 -10.108 -16.681 -2.789  3.707 -1.366
 -1.243 -2.789 -4.554  0.658  2.190
 -10.351  3.707  0.658 -3.906  0.781
 -1.607 -1.366  2.190  0.781 -6.977
  3.567 -10.108 -1.243 -10.351 -1.607
 -10.108 -16.681 -2.789  3.707 -1.366
 -1.243 -2.789 -4.554  0.658  2.190
 -10.351  3.707  0.658 -3.906  0.781
 -1.607 -1.366  2.190  0.781 -6.977
  3.567 -10.108 -1.243 -10.351 -1.607
 -10.108 -16.681 -2.789  3.707 -1.366
 -1.243 -2.789 -4.554  0.658  2.190
 -10.351  3.707  0.658 -3.906  0.781
 -1.607 -1.366  2.190  0.781 -6.977
  3.567 -10.108 -1.243 -10.351 -1.607
 -10.108 -16.681 -2.789  3.707 -1.366
 -1.243 -2.789 -4.554  0.658  2.190
 -10.351  3.707  0.658 -3.906  0.781
 -1.607 -1.366  2.190  0.781 -6.977
  3.567 -10.108 -1.243 -10.351 -1.607
 -10.108 -16.681 -2.789  3.707 -1.366
 -1.243 -2.789 -4.554  0.658  2.190
 -10.351  3.707  0.658 -3.906  0.781
 -1.607 -1.366  2.190  0.781 -6.977
  3.567 -10.108 -1.243 -10.351 -1.607
 -10.108 -16.681 -2.789  3.707 -1.366
 -1.243 -2.789 -4.554  0.658  2.190
 -10.351  3.707  0.658 -3.906  0.781
 -1.607 -1.366  2.190  0.781 -6.977
  3.569 -10.108 -1.243 -10.351 -1.607
 -10.108 -16.684 -2.789  3.707 -1.366
 -1.243 -2.789 -4.556  0.658  2.190
 -10.351  3.707  0.658 -3.909  0.781
 -1.607 -1.366  2.190  0.781 -6.979
  3.569 -10.108 -1.243 -10.351 -1.607
 -10.108 -16.684 -2.789  3.707 -1.366
 -1.243 -2.789 -4.556  0.658  2.190
 -10.351  3.707  0.658 -3.909  0.781
 -1.607 -1.366  2.190  0.781 -6.979
  3.569 -10.108 -1.243 -10.351 -1.607
 -10.108 -16.684 -2.789  3.707 -1.366
 -1.243 -2.789 -4.556  0.658  2.190
 -10.351  3.707  0.658 -3.909  0.781
 -1.607 -1.366  2.190  0.781 -6.979
  3.569 -10.108 -1.243 -10.351 -1.607
 -10.108 -16.684 -2.789  3.707 -1.366
 -1.243 -2.789 -4.556  0.658  2.190
 -10.351  3.707  0.658 -3.909  0.781
 -1.607 -1.366  2.190  0.781 -6.979
  3.569 -10.108 -1.243 -10.351 -1.607
 -10.108 -16.684 -2.789  3.707 -1.366
 -1.243 -2.789 -4.556  0.658  2.190
 -10.351  3.707  0.658 -3.909  0.781
 -1.607 -1.366  2.190  0.781 -6.979
  3.569 -10.108 -1.243 -10.351 -1.607
 -10.108 -16.684 -2.789  3.707 -1.366
 -1.243 -2.789 -4.556  0.658  2.190
 -10.351  3.707  0.658 -3.909  0.781
 -1.607 -1.366  2.190  0.781 -6.979
  3.569 -10.108 -1.243 -10.351 -1.607
 -10.108 -16.684 -2.789  3.707 -1.366
 -1.243 -2.789 -4.556  0.658  2.190
 -10.351  3.707  0.658 -3.909  0.781
 -1.607 -1.366  2.190  0.781 -6.980
  3.569 -10.108 -1.243 -10.351 -1.607
 -10.108 -16.684 -2.789  3.707 -1.366
 -1.243 -2.789 -4.556  0.658  2.190
 -10.351  3.707  0.658 -3.909  0.781
 -1.607 -1.366  2.190  0.781 -6.980
         1   300.06625     -2743.4555     -2720.2223     -824.26809    
  3.482 -10.051 -1.205 -10.293 -1.633
 -10.051 -16.692 -2.807  3.702 -1.394
 -1.205 -2.807 -4.569  0.614  2.217
 -10.293  3.702  0.614 -3.945  0.777
 -1.633 -1.394  2.217  0.777 -6.940
  3.482 -10.051 -1.205 -10.293 -1.633
 -10.051 -16.692 -2.807  3.702 -1.394
 -1.205 -2.807 -4.569  0.614  2.217
 -10.293  3.702  0.614 -3.945  0.777
 -1.633 -1.394  2.217  0.777 -6.940
  3.482 -10.051 -1.205 -10.293 -1.633
 -10.051 -16.692 -2.807  3.702 -1.394
 -1.205 -2.807 -4.570  0.614  2.217
 -10.293  3.702  0.614 -3.945  0.777
 -1.633 -1.394  2.217  0.777 -6.940
  3.482 -10.051 -1.205 -10.293 -1.633
 -10.051 -16.692 -2.807  3.702 -1.394
 -1.205 -2.807 -4.570  0.614  2.217
 -10.293  3.702  0.614 -3.945  0.777
 -1.633 -1.394  2.217  0.777 -6.940
  3.482 -10.051 -1.205 -10.293 -1.633
 -10.051 -16.692 -2.807  3.702 -1.394
 -1.205 -2.807 -4.570  0.614  2.217
 -10.293  3.702  0.614 -3.945  0.777
 -1.633 -1.394  2.217  0.777 -6.940
  3.482 -10.051 -1.205 -10.293 -1.633
 -10.051 -16.692 -2.807  3.702 -1.394
 -1.205 -2.807 -4.570  0.614  2.217
 -10.293  3.702  0.614 -3.945  0.777
 -1.633 -1.394  2.217  0.777 -6.940
  3.484 -10.051 -1.205 -10.293 -1.633
 -10.051 -16.695 -2.807  3.701 -1.394
 -1.205 -2.807 -4.573  0.614  2.217
 -10.293  3.701  0.614 -3.948  0.777
 -1.633 -1.394  2.217  0.777 -6.943
  3.484 -10.051 -1.205 -10.293 -1.633
 -10.051 -16.695 -2.807  3.701 -1.394
 -1.205 -2.807 -4.573  0.614  2.217
 -10.293  3.701  0.614 -3.948  0.777
 -1.633 -1.394  2.217  0.777 -6.943
  3.484 -10.051 -1.205 -10.293 -1.633
 -10.051 -16.695 -2.807  3.702 -1.394
 -1.205 -2.807 -4.573  0.614  2.217
 -10.293  3.702  0.614 -3.948  0.777
 -1.633 -1.394  2.217  0.777 -6.943
  3.484 -10.051 -1.205 -10.293 -1.633
 -10.051 -16.695 -2.807  3.702 -1.394
 -1.205 -2.807 -4.573  0.614  2.217
 -10.293  3.702  0.614 -3.948  0.777
 -1.633 -1.394  2.217  0.777 -6.943
  3.484 -10.051 -1.205 -10.293 -1.633
 -10.051 -16.695 -2.807  3.702 -1.394
 -1.205 -2.807 -4.573  0.614  2.217
 -10.293  3.702  0.614 -3.948  0.777
 -1.633 -1.394  2.217  0.777 -6.943
  3.484 -10.051 -1.205 -10.293 -1.633
 -10.051 -16.695 -2.807  3.702 -1.394
 -1.205 -2.807 -4.573  0.614  2.217
 -10.293  3.702  0.614 -3.948  0.777
 -1.633 -1.394  2.217  0.777 -6.943
  3.484 -10.051 -1.205 -10.293 -1.633
 -10.051 -16.695 -2.807  3.702 -1.394
 -1.205 -2.807 -4.573  0.614  2.217
 -10.293  3.702  0.614 -3.948  0.777
 -1.633 -1.394  2.217  0.777 -6.943
  3.484 -10.051 -1.205 -10.293 -1.633
 -10.051 -16.695 -2.807  3.702 -1.394
 -1.205 -2.807 -4.573  0.614  2.217
 -10.293  3.702  0.614 -3.948  0.777
 -1.633 -1.394  2.217  0.777 -6.943
         2   297.94752     -2743.2908     -2720.2217      497.62921    
  3.411 -10.006 -1.168 -10.247 -1.660
 -10.006 -16.694 -2.825  3.703 -1.422
 -1.168 -2.825 -4.584  0.570  2.245
 -10.247  3.703  0.570 -3.975  0.772
 -1.660 -1.422  2.245  0.772 -6.901
  3.411 -10.006 -1.168 -10.247 -1.660
 -10.006 -16.694 -2.825  3.703 -1.422
 -1.168 -2.825 -4.584  0.570  2.245
 -10.247  3.703  0.570 -3.975  0.772
 -1.660 -1.422  2.245  0.772 -6.901
  3.411 -10.006 -1.168 -10.247 -1.660
 -10.006 -16.694 -2.825  3.703 -1.422
 -1.168 -2.825 -4.584  0.570  2.245
 -10.247  3.703  0.570 -3.975  0.772
 -1.660 -1.422  2.245  0.772 -6.901
  3.411 -10.006 -1.168 -10.247 -1.660
 -10.006 -16.694 -2.825  3.703 -1.422
 -1.168 -2.825 -4.584  0.570  2.245
 -10.247  3.703  0.570 -3.975  0.772
 -1.660 -1.422  2.245  0.772 -6.901
  3.411 -10.006 -1.168 -10.247 -1.660
 -10.006 -16.694 -2.825  3.703 -1.422
 -1.168 -2.825 -4.584  0.570  2.245
 -10.247  3.703  0.570 -3.975  0.772
 -1.660 -1.422  2.245  0.772 -6.901
  3.411 -10.006 -1.168 -10.247 -1.660
 -10.006 -16.694 -2.825  3.703 -1.422
 -1.168 -2.825 -4.584  0.570  2.245
 -10.247  3.703  0.570 -3.975  0.772
 -1.660 -1.422  2.245  0.772 -6.901
  3.415 -10.006 -1.168 -10.247 -1.660
 -10.006 -16.699 -2.826  3.703 -1.422
 -1.168 -2.826 -4.589  0.570  2.245
 -10.247  3.703  0.570 -3.981  0.772
 -1.660 -1.422  2.245  0.772 -6.906
  3.415 -10.006 -1.168 -10.247 -1.660
 -10.006 -16.699 -2.826  3.703 -1.422
 -1.168 -2.826 -4.589  0.570  2.245
 -10.247  3.703  0.570 -3.981  0.772
 -1.660 -1.422  2.245  0.772 -6.906
  3.414 -10.006 -1.168 -10.247 -1.660
 -10.006 -16.699 -2.826  3.703 -1.422
 -1.168 -2.826 -4.589  0.570  2.245
 -10.247  3.703  0.570 -3.981  0.772
 -1.660 -1.422  2.245  0.772 -6.906
  3.414 -10.006 -1.168 -10.247 -1.660
 -10.006 -16.699 -2.826  3.703 -1.422
 -1.168 -2.826 -4.589  0.570  2.245
 -10.247  3.703  0.570 -3.981  0.772
 -1.660 -1.422  2.245  0.772 -6.906
  3.414 -10.006 -1.168 -10.247 -1.660
 -10.006 -16.699 -2.826  3.703 -1.422
 -1.168 -2.826 -4.589  0.570  2.245
 -10.247  3.703  0.570 -3.981  0.772
 -1.660 -1.422  2.245  0.772 -6.906
  3.414 -10.006 -1.168 -10.247 -1.660
 -10.006 -16.699 -2.826  3.703 -1.422
 -1.168 -2.826 -4.589  0.570  2.245
 -10.247  3.703  0.570 -3.981  0.772
 -1.660 -1.422  2.245  0.772 -6.906
  3.414 -10.006 -1.168 -10.247 -1.660
 -10.006 -16.699 -2.826  3.703 -1.422
 -1.168 -2.826 -4.589  0.570  2.245
 -10.247  3.703  0.570 -3.981  0.772
 -1.660 -1.422  2.245  0.772 -6.906
  3.414 -10.006 -1.168 -10.247 -1.660
 -10.006 -16.699 -2.826  3.703 -1.422
 -1.168 -2.826 -4.589  0.570  2.245
 -10.247  3.703  0.570 -3.981  0.772
 -1.660 -1.422  2.245  0.772 -6.906
         3   293.80346     -2742.9683     -2720.2201      2431.4803    
  3.359 -9.974 -1.132 -10.213 -1.688
 -9.974 -16.690 -2.844  3.711 -1.450
 -1.132 -2.844 -4.602  0.527  2.272
 -10.213  3.711  0.527 -4.001  0.767
 -1.688 -1.450  2.272  0.767 -6.863
  3.359 -9.974 -1.132 -10.213 -1.688
 -9.974 -16.690 -2.844  3.711 -1.450
 -1.132 -2.844 -4.602  0.527  2.272
 -10.213  3.711  0.527 -4.001  0.767
 -1.688 -1.450  2.272  0.767 -6.863
  3.359 -9.974 -1.132 -10.213 -1.688
 -9.974 -16.690 -2.844  3.711 -1.450
 -1.132 -2.844 -4.602  0.527  2.272
 -10.213  3.711  0.527 -4.001  0.767
 -1.688 -1.450  2.272  0.767 -6.863
  3.359 -9.974 -1.132 -10.213 -1.688
 -9.974 -16.690 -2.844  3.711 -1.450
 -1.132 -2.844 -4.602  0.527  2.272
 -10.213  3.711  0.527 -4.001  0.767
 -1.688 -1.450  2.272  0.767 -6.863
  3.359 -9.974 -1.132 -10.213 -1.688
 -9.974 -16.690 -2.844  3.711 -1.450
 -1.132 -2.844 -4.602  0.527  2.272
 -10.213  3.711  0.527 -4.001  0.767
 -1.688 -1.450  2.272  0.767 -6.863
  3.359 -9.974 -1.132 -10.213 -1.688
 -9.974 -16.690 -2.844  3.711 -1.450
 -1.132 -2.844 -4.602  0.527  2.272
 -10.213  3.711  0.527 -4.001  0.767
 -1.688 -1.450  2.272  0.767 -6.863
  3.362 -9.974 -1.132 -10.213 -1.688
 -9.974 -16.695 -2.844  3.711 -1.450
 -1.132 -2.844 -4.607  0.527  2.272
 -10.213  3.711  0.527 -4.006  0.767
 -1.688 -1.450  2.272  0.767 -6.867
  3.362 -9.974 -1.132 -10.213 -1.688
 -9.974 -16.695 -2.844  3.711 -1.450
 -1.132 -2.844 -4.607  0.527  2.272
 -10.213  3.711  0.527 -4.006  0.767
 -1.688 -1.450  2.272  0.767 -6.867
  3.361 -9.974 -1.132 -10.213 -1.688
 -9.974 -16.695 -2.844  3.711 -1.451
 -1.132 -2.844 -4.607  0.527  2.272
 -10.213  3.711  0.527 -4.006  0.767
 -1.688 -1.451  2.272  0.767 -6.868
  3.361 -9.974 -1.132 -10.213 -1.688
 -9.974 -16.695 -2.844  3.711 -1.451
 -1.132 -2.844 -4.607  0.527  2.272
 -10.213  3.711  0.527 -4.006  0.767
 -1.688 -1.451  2.272  0.767 -6.868
  3.361 -9.974 -1.132 -10.213 -1.688
 -9.974 -16.695 -2.844  3.711 -1.451
 -1.132 -2.844 -4.607  0.527  2.272
 -10.213  3.711  0.527 -4.006  0.767
 -1.688 -1.451  2.272  0.767 -6.868
  3.361 -9.974 -1.132 -10.213 -1.688
 -9.974 -16.695 -2.844  3.711 -1.451
 -1.132 -2.844 -4.607  0.527  2.272
 -10.213  3.711  0.527 -4.006  0.767
 -1.688 -1.451  2.272  0.767 -6.868
  3.361 -9.974 -1.132 -10.213 -1.688
 -9.974 -16.695 -2.844  3.711 -1.451
 -1.132 -2.844 -4.607  0.527  2.272
 -10.213  3.711  0.527 -4.007  0.767
 -1.688 -1.451  2.272  0.767 -6.868
  3.361 -9.974 -1.132 -10.213 -1.688
 -9.974 -16.695 -2.844  3.711 -1.451
 -1.132 -2.844 -4.607  0.527  2.272
 -10.213  3.711  0.527 -4.007  0.767
 -1.688 -1.451  2.272  0.767 -6.868
         4   288.00296     -2742.5167     -2720.2175      4912.2208    
  3.326 -9.956 -1.097 -10.191 -1.717
 -9.956 -16.682 -2.861  3.727 -1.479
 -1.097 -2.861 -4.624  0.485  2.300
 -10.191  3.727  0.485 -4.022  0.763
 -1.717 -1.479  2.300  0.763 -6.825
  3.326 -9.956 -1.097 -10.191 -1.717
 -9.956 -16.682 -2.861  3.727 -1.479
 -1.097 -2.861 -4.624  0.485  2.300
 -10.191  3.727  0.485 -4.022  0.763
 -1.717 -1.479  2.300  0.763 -6.825
  3.327 -9.956 -1.097 -10.191 -1.717
 -9.956 -16.682 -2.861  3.727 -1.479
 -1.097 -2.861 -4.624  0.485  2.300
 -10.191  3.727  0.485 -4.022  0.763
 -1.717 -1.479  2.300  0.763 -6.825
  3.327 -9.956 -1.097 -10.191 -1.717
 -9.956 -16.682 -2.861  3.727 -1.479
 -1.097 -2.861 -4.624  0.485  2.300
 -10.191  3.727  0.485 -4.022  0.763
 -1.717 -1.479  2.300  0.763 -6.825
  3.327 -9.956 -1.097 -10.191 -1.717
 -9.956 -16.682 -2.861  3.727 -1.479
 -1.097 -2.861 -4.624  0.485  2.300
 -10.191  3.727  0.485 -4.022  0.763
 -1.717 -1.479  2.300  0.763 -6.825
  3.327 -9.956 -1.097 -10.191 -1.717
 -9.956 -16.682 -2.861  3.727 -1.479
 -1.097 -2.861 -4.624  0.485  2.300
 -10.191  3.727  0.485 -4.022  0.763
 -1.717 -1.479  2.300  0.763 -6.825
  3.327 -9.956 -1.097 -10.191 -1.717
 -9.956 -16.684 -2.861  3.726 -1.479
 -1.097 -2.861 -4.626  0.485  2.300
 -10.191  3.726  0.485 -4.025  0.763
 -1.717 -1.479  2.300  0.763 -6.828
  3.327 -9.956 -1.097 -10.191 -1.717
 -9.956 -16.684 -2.861  3.726 -1.479
 -1.097 -2.861 -4.626  0.485  2.300
 -10.191  3.726  0.485 -4.025  0.763
 -1.717 -1.479  2.300  0.763 -6.828
  3.326 -9.956 -1.097 -10.191 -1.717
 -9.956 -16.685 -2.861  3.726 -1.479
 -1.097 -2.861 -4.626  0.485  2.300
 -10.191  3.726  0.485 -4.025  0.763
 -1.717 -1.479  2.300  0.763 -6.828
  3.326 -9.956 -1.097 -10.191 -1.717
 -9.956 -16.685 -2.861  3.726 -1.479
 -1.097 -2.861 -4.626  0.485  2.300
 -10.191  3.726  0.485 -4.025  0.763
 -1.717 -1.479  2.300  0.763 -6.828
  3.326 -9.956 -1.097 -10.191 -1.717
 -9.956 -16.685 -2.861  3.726 -1.479
 -1.097 -2.861 -4.626  0.485  2.300
 -10.191  3.726  0.485 -4.025  0.763
 -1.717 -1.479  2.300  0.763 -6.828
  3.326 -9.956 -1.097 -10.191 -1.717
 -9.956 -16.685 -2.861  3.726 -1.479
 -1.097 -2.861 -4.626  0.485  2.300
 -10.191  3.726  0.485 -4.025  0.763
 -1.717 -1.479  2.300  0.763 -6.828
  3.326 -9.956 -1.097 -10.191 -1.717
 -9.956 -16.685 -2.861  3.726 -1.479
 -1.097 -2.861 -4.626  0.485  2.300
 -10.191  3.726  0.485 -4.025  0.763
 -1.717 -1.479  2.300  0.763 -6.828
  3.326 -9.956 -1.097 -10.191 -1.717
 -9.956 -16.685 -2.861  3.726 -1.479
 -1.097 -2.861 -4.626  0.485  2.300
 -10.191  3.726  0.485 -4.025  0.763
 -1.717 -1.479  2.300  0.763 -6.828
         5   281.11357     -2741.9797     -2720.214       7854.8491    
  3.313 -9.953 -1.064 -10.183 -1.748
 -9.953 -16.668 -2.877  3.749 -1.506
 -1.064 -2.877 -4.649  0.445  2.326
 -10.183  3.749  0.445 -4.036  0.759
 -1.748 -1.506  2.326  0.759 -6.789
  3.313 -9.953 -1.064 -10.183 -1.748
 -9.953 -16.668 -2.877  3.749 -1.506
 -1.064 -2.877 -4.649  0.445  2.326
 -10.183  3.749  0.445 -4.036  0.759
 -1.748 -1.506  2.326  0.759 -6.789
  3.313 -9.953 -1.064 -10.183 -1.748
 -9.953 -16.668 -2.877  3.749 -1.506
 -1.064 -2.877 -4.649  0.445  2.326
 -10.183  3.749  0.445 -4.036  0.759
 -1.748 -1.506  2.326  0.759 -6.789
  3.313 -9.953 -1.064 -10.183 -1.748
 -9.953 -16.668 -2.877  3.749 -1.506
 -1.064 -2.877 -4.649  0.445  2.326
 -10.183  3.749  0.445 -4.036  0.759
 -1.748 -1.506  2.326  0.759 -6.789
  3.313 -9.953 -1.064 -10.183 -1.748
 -9.953 -16.668 -2.877  3.749 -1.506
 -1.064 -2.877 -4.649  0.445  2.326
 -10.183  3.749  0.445 -4.036  0.759
 -1.748 -1.506  2.326  0.759 -6.789
  3.313 -9.953 -1.064 -10.183 -1.748
 -9.953 -16.668 -2.877  3.749 -1.506
 -1.064 -2.877 -4.649  0.445  2.326
 -10.183  3.749  0.445 -4.036  0.759
 -1.748 -1.506  2.326  0.759 -6.789
  3.310 -9.953 -1.064 -10.183 -1.748
 -9.953 -16.667 -2.877  3.749 -1.506
 -1.064 -2.877 -4.648  0.445  2.326
 -10.183  3.749  0.445 -4.035  0.759
 -1.748 -1.506  2.326  0.759 -6.788
  3.310 -9.953 -1.064 -10.183 -1.748
 -9.953 -16.667 -2.877  3.749 -1.506
 -1.064 -2.877 -4.648  0.445  2.326
 -10.183  3.749  0.445 -4.035  0.759
 -1.748 -1.506  2.326  0.759 -6.788
  3.310 -9.953 -1.064 -10.183 -1.748
 -9.953 -16.667 -2.877  3.749 -1.506
 -1.064 -2.877 -4.648  0.445  2.326
 -10.183  3.749  0.445 -4.035  0.759
 -1.748 -1.506  2.326  0.759 -6.788
  3.310 -9.953 -1.064 -10.183 -1.748
 -9.953 -16.667 -2.877  3.749 -1.506
 -1.064 -2.877 -4.648  0.445  2.326
 -10.183  3.749  0.445 -4.035  0.759
 -1.748 -1.506  2.326  0.759 -6.788
  3.310 -9.953 -1.064 -10.183 -1.748
 -9.953 -16.667 -2.877  3.749 -1.506
 -1.064 -2.877 -4.648  0.445  2.326
 -10.183  3.749  0.445 -4.035  0.759
 -1.748 -1.506  2.326  0.759 -6.788
  3.310 -9.953 -1.064 -10.183 -1.748
 -9.953 -16.667 -2.877  3.749 -1.506
 -1.064 -2.877 -4.648  0.445  2.326
 -10.183  3.749  0.445 -4.035  0.759
 -1.748 -1.506  2.326  0.759 -6.788
  3.310 -9.953 -1.064 -10.183 -1.748
 -9.953 -16.667 -2.877  3.749 -1.506
 -1.064 -2.877 -4.648  0.445  2.326
 -10.183  3.749  0.445 -4.035  0.759
 -1.748 -1.506  2.326  0.759 -6.788
  3.310 -9.953 -1.064 -10.183 -1.748
 -9.953 -16.667 -2.877  3.749 -1.506
 -1.064 -2.877 -4.648  0.445  2.326
 -10.183  3.749  0.445 -4.035  0.759
 -1.748 -1.506  2.326  0.759 -6.788
         6   273.86659     -2741.4146     -2720.21        11158.017    
  3.318 -9.963 -1.033 -10.187 -1.781
 -9.963 -16.648 -2.891  3.779 -1.531
 -1.033 -2.891 -4.676  0.405  2.351
 -10.187  3.779  0.405 -4.042  0.756
 -1.781 -1.531  2.351  0.756 -6.751
  3.318 -9.963 -1.033 -10.187 -1.781
 -9.963 -16.648 -2.891  3.779 -1.531
 -1.033 -2.891 -4.676  0.405  2.351
 -10.187  3.779  0.405 -4.042  0.756
 -1.781 -1.531  2.351  0.756 -6.751
  3.318 -9.963 -1.033 -10.187 -1.781
 -9.963 -16.648 -2.891  3.779 -1.531
 -1.033 -2.891 -4.676  0.405  2.351
 -10.187  3.779  0.405 -4.042  0.756
 -1.781 -1.531  2.351  0.756 -6.751
  3.318 -9.963 -1.033 -10.187 -1.781
 -9.963 -16.648 -2.891  3.779 -1.531
 -1.033 -2.891 -4.676  0.405  2.351
 -10.187  3.779  0.405 -4.042  0.756
 -1.781 -1.531  2.351  0.756 -6.751
  3.318 -9.963 -1.033 -10.187 -1.781
 -9.963 -16.648 -2.891  3.779 -1.531
 -1.033 -2.891 -4.676  0.405  2.351
 -10.187  3.779  0.405 -4.042  0.756
 -1.781 -1.531  2.351  0.756 -6.750
  3.318 -9.963 -1.033 -10.187 -1.781
 -9.963 -16.648 -2.891  3.779 -1.531
 -1.033 -2.891 -4.676  0.405  2.351
 -10.187  3.779  0.405 -4.042  0.756
 -1.781 -1.531  2.351  0.756 -6.750
  3.313 -9.963 -1.033 -10.187 -1.781
 -9.963 -16.643 -2.891  3.780 -1.531
 -1.033 -2.891 -4.672  0.405  2.351
 -10.187  3.780  0.405 -4.037  0.757
 -1.781 -1.531  2.351  0.757 -6.746
  3.313 -9.963 -1.033 -10.187 -1.781
 -9.963 -16.643 -2.891  3.780 -1.531
 -1.033 -2.891 -4.672  0.405  2.351
 -10.187  3.780  0.405 -4.037  0.757
 -1.781 -1.531  2.351  0.757 -6.746
  3.313 -9.963 -1.033 -10.187 -1.781
 -9.963 -16.643 -2.891  3.780 -1.531
 -1.033 -2.891 -4.672  0.405  2.351
 -10.187  3.780  0.405 -4.037  0.757
 -1.781 -1.531  2.351  0.757 -6.746
  3.313 -9.963 -1.033 -10.187 -1.781
 -9.963 -16.643 -2.891  3.780 -1.531
 -1.033 -2.891 -4.672  0.405  2.351
 -10.187  3.780  0.405 -4.037  0.757
 -1.781 -1.531  2.351  0.757 -6.746
  3.313 -9.963 -1.033 -10.187 -1.781
 -9.963 -16.643 -2.891  3.780 -1.531
 -1.033 -2.891 -4.672  0.405  2.351
 -10.187  3.780  0.405 -4.037  0.757
 -1.781 -1.531  2.351  0.757 -6.746
  3.313 -9.963 -1.033 -10.187 -1.781
 -9.963 -16.643 -2.891  3.780 -1.531
 -1.033 -2.891 -4.672  0.405  2.351
 -10.187  3.780  0.405 -4.037  0.757
 -1.781 -1.531  2.351  0.757 -6.746
  3.313 -9.963 -1.033 -10.187 -1.781
 -9.963 -16.643 -2.891  3.780 -1.531
 -1.033 -2.891 -4.672  0.405  2.351
 -10.187  3.780  0.405 -4.037  0.757
 -1.781 -1.531  2.351  0.757 -6.746
  3.313 -9.963 -1.033 -10.187 -1.781
 -9.963 -16.643 -2.891  3.780 -1.531
 -1.033 -2.891 -4.672  0.405  2.351
 -10.187  3.780  0.405 -4.037  0.757
 -1.781 -1.531  2.351  0.757 -6.746
         7   267.09202     -2740.8859     -2720.2058      14708.555    
  3.340 -9.988 -1.003 -10.205 -1.817
 -9.988 -16.621 -2.902  3.817 -1.555
 -1.003 -2.902 -4.705  0.367  2.374
 -10.205  3.817  0.367 -4.038  0.755
 -1.817 -1.555  2.374  0.755 -6.710
  3.340 -9.988 -1.003 -10.205 -1.817
 -9.988 -16.621 -2.902  3.817 -1.555
 -1.003 -2.902 -4.705  0.367  2.374
 -10.205  3.817  0.367 -4.038  0.755
 -1.817 -1.555  2.374  0.755 -6.710
  3.340 -9.988 -1.003 -10.205 -1.817
 -9.988 -16.621 -2.902  3.817 -1.555
 -1.003 -2.902 -4.705  0.367  2.374
 -10.205  3.817  0.367 -4.038  0.755
 -1.817 -1.555  2.374  0.755 -6.710
  3.340 -9.988 -1.003 -10.205 -1.817
 -9.988 -16.621 -2.902  3.817 -1.555
 -1.003 -2.902 -4.705  0.367  2.374
 -10.205  3.817  0.367 -4.038  0.755
 -1.817 -1.555  2.374  0.755 -6.710
  3.340 -9.988 -1.003 -10.205 -1.817
 -9.988 -16.621 -2.902  3.817 -1.555
 -1.003 -2.902 -4.705  0.367  2.374
 -10.205  3.817  0.367 -4.038  0.755
 -1.817 -1.555  2.374  0.755 -6.710
  3.340 -9.988 -1.003 -10.205 -1.817
 -9.988 -16.621 -2.902  3.817 -1.555
 -1.003 -2.902 -4.705  0.367  2.374
 -10.205  3.817  0.367 -4.038  0.755
 -1.817 -1.555  2.374  0.755 -6.710
  3.334 -9.988 -1.003 -10.205 -1.817
 -9.988 -16.614 -2.902  3.817 -1.555
 -1.003 -2.902 -4.699  0.367  2.374
 -10.205  3.817  0.367 -4.032  0.755
 -1.817 -1.555  2.374  0.755 -6.704
  3.334 -9.988 -1.003 -10.205 -1.817
 -9.988 -16.614 -2.902  3.817 -1.555
 -1.003 -2.902 -4.699  0.367  2.374
 -10.205  3.817  0.367 -4.032  0.755
 -1.817 -1.555  2.374  0.755 -6.704
  3.335 -9.988 -1.003 -10.205 -1.817
 -9.988 -16.614 -2.902  3.817 -1.555
 -1.003 -2.902 -4.699  0.367  2.374
 -10.205  3.817  0.367 -4.031  0.755
 -1.817 -1.555  2.374  0.755 -6.704
  3.335 -9.988 -1.003 -10.205 -1.817
 -9.988 -16.614 -2.902  3.817 -1.555
 -1.003 -2.902 -4.699  0.367  2.374
 -10.205  3.817  0.367 -4.031  0.755
 -1.817 -1.555  2.374  0.755 -6.704
  3.335 -9.988 -1.003 -10.205 -1.817
 -9.988 -16.614 -2.902  3.817 -1.555
 -1.003 -2.902 -4.699  0.367  2.374
 -10.205  3.817  0.367 -4.031  0.755
 -1.817 -1.555  2.374  0.755 -6.704
  3.335 -9.988 -1.003 -10.205 -1.817
 -9.988 -16.614 -2.902  3.817 -1.555
 -1.003 -2.902 -4.699  0.367  2.374
 -10.205  3.817  0.367 -4.031  0.755
 -1.817 -1.555  2.374  0.755 -6.704
  3.335 -9.988 -1.003 -10.205 -1.817
 -9.988 -16.614 -2.902  3.817 -1.555
 -1.003 -2.902 -4.699  0.367  2.374
 -10.205  3.817  0.367 -4.031  0.755
 -1.817 -1.555  2.374  0.755 -6.704
  3.335 -9.988 -1.003 -10.205 -1.817
 -9.988 -16.614 -2.902  3.817 -1.555
 -1.003 -2.902 -4.699  0.367  2.374
 -10.205  3.817  0.367 -4.031  0.755
 -1.817 -1.555  2.374  0.755 -6.704
         8   261.62369     -2740.4589     -2720.2022      18386.74     
  3.378 -10.025 -0.976 -10.236 -1.857
 -10.025 -16.586 -2.909  3.862 -1.576
 -0.976 -2.909 -4.738  0.328  2.397
 -10.236  3.862  0.328 -4.023  0.754
 -1.857 -1.576  2.397  0.754 -6.664
  3.378 -10.025 -0.976 -10.236 -1.857
 -10.025 -16.586 -2.909  3.862 -1.576
 -0.976 -2.909 -4.738  0.328  2.397
 -10.236  3.862  0.328 -4.023  0.754
 -1.857 -1.576  2.397  0.754 -6.664
  3.378 -10.025 -0.976 -10.236 -1.857
 -10.025 -16.586 -2.909  3.862 -1.576
 -0.976 -2.909 -4.738  0.328  2.397
 -10.236  3.862  0.328 -4.023  0.754
 -1.857 -1.576  2.397  0.754 -6.664
  3.378 -10.025 -0.976 -10.236 -1.857
 -10.025 -16.586 -2.909  3.862 -1.576
 -0.976 -2.909 -4.738  0.328  2.397
 -10.236  3.862  0.328 -4.023  0.754
 -1.857 -1.576  2.397  0.754 -6.664
  3.378 -10.025 -0.976 -10.236 -1.857
 -10.025 -16.586 -2.909  3.862 -1.576
 -0.976 -2.909 -4.738  0.328  2.397
 -10.236  3.862  0.328 -4.023  0.754
 -1.857 -1.576  2.397  0.754 -6.664
  3.378 -10.025 -0.976 -10.236 -1.857
 -10.025 -16.586 -2.909  3.862 -1.576
 -0.976 -2.909 -4.738  0.328  2.397
 -10.236  3.862  0.328 -4.023  0.754
 -1.857 -1.576  2.397  0.754 -6.664
  3.374 -10.025 -0.976 -10.236 -1.857
 -10.025 -16.580 -2.909  3.862 -1.576
 -0.976 -2.909 -4.732  0.328  2.397
 -10.236  3.862  0.328 -4.017  0.754
 -1.857 -1.576  2.397  0.754 -6.658
  3.374 -10.025 -0.976 -10.236 -1.857
 -10.025 -16.580 -2.909  3.862 -1.576
 -0.976 -2.909 -4.732  0.328  2.397
 -10.236  3.862  0.328 -4.017  0.754
 -1.857 -1.576  2.397  0.754 -6.658
  3.375 -10.025 -0.976 -10.236 -1.857
 -10.025 -16.580 -2.909  3.862 -1.576
 -0.976 -2.909 -4.732  0.328  2.397
 -10.236  3.862  0.328 -4.017  0.754
 -1.857 -1.576  2.397  0.754 -6.658
  3.375 -10.025 -0.976 -10.236 -1.857
 -10.025 -16.580 -2.909  3.862 -1.576
 -0.976 -2.909 -4.732  0.328  2.397
 -10.236  3.862  0.328 -4.017  0.754
 -1.857 -1.576  2.397  0.754 -6.658
  3.375 -10.025 -0.976 -10.236 -1.857
 -10.025 -16.580 -2.909  3.862 -1.576
 -0.976 -2.909 -4.732  0.328  2.397
 -10.236  3.862  0.328 -4.017  0.754
 -1.857 -1.576  2.397  0.754 -6.658
  3.375 -10.025 -0.976 -10.236 -1.857
 -10.025 -16.580 -2.909  3.862 -1.576
 -0.976 -2.909 -4.732  0.328  2.397
 -10.236  3.862  0.328 -4.017  0.754
 -1.857 -1.576  2.397  0.754 -6.658
  3.375 -10.025 -0.976 -10.236 -1.857
 -10.025 -16.580 -2.909  3.862 -1.576
 -0.976 -2.909 -4.732  0.328  2.397
 -10.236  3.862  0.328 -4.017  0.754
 -1.857 -1.576  2.397  0.754 -6.658
  3.375 -10.025 -0.976 -10.236 -1.857
 -10.025 -16.580 -2.909  3.862 -1.576
 -0.976 -2.909 -4.732  0.328  2.397
 -10.236  3.862  0.328 -4.017  0.754
 -1.857 -1.576  2.397  0.754 -6.658
         9   258.1837      -2740.1899     -2720.1996      22071.908    
  3.434 -10.077 -0.948 -10.278 -1.898
 -10.077 -16.547 -2.913  3.912 -1.593
 -0.948 -2.913 -4.770  0.293  2.416
 -10.278  3.912  0.293 -4.000  0.754
 -1.898 -1.593  2.416  0.754 -6.618
  3.434 -10.077 -0.948 -10.278 -1.898
 -10.077 -16.547 -2.913  3.912 -1.593
 -0.948 -2.913 -4.770  0.293  2.416
 -10.278  3.912  0.293 -4.000  0.754
 -1.898 -1.593  2.416  0.754 -6.618
  3.434 -10.077 -0.948 -10.278 -1.898
 -10.077 -16.546 -2.913  3.912 -1.593
 -0.948 -2.913 -4.769  0.293  2.416
 -10.278  3.912  0.293 -4.000  0.754
 -1.898 -1.593  2.416  0.754 -6.618
  3.434 -10.077 -0.948 -10.278 -1.898
 -10.077 -16.546 -2.913  3.912 -1.593
 -0.948 -2.913 -4.769  0.293  2.416
 -10.278  3.912  0.293 -4.000  0.754
 -1.898 -1.593  2.416  0.754 -6.618
  3.434 -10.077 -0.948 -10.278 -1.898
 -10.077 -16.546 -2.913  3.912 -1.593
 -0.948 -2.913 -4.769  0.293  2.416
 -10.278  3.912  0.293 -4.000  0.754
 -1.898 -1.593  2.416  0.754 -6.618
  3.434 -10.077 -0.948 -10.278 -1.898
 -10.077 -16.546 -2.913  3.912 -1.593
 -0.948 -2.913 -4.769  0.293  2.416
 -10.278  3.912  0.293 -4.000  0.754
 -1.898 -1.593  2.416  0.754 -6.618
  3.433 -10.077 -0.948 -10.278 -1.898
 -10.077 -16.543 -2.913  3.913 -1.593
 -0.948 -2.913 -4.766  0.293  2.416
 -10.278  3.913  0.293 -3.996  0.754
 -1.898 -1.593  2.416  0.754 -6.614
  3.433 -10.077 -0.948 -10.278 -1.898
 -10.077 -16.543 -2.913  3.913 -1.593
 -0.948 -2.913 -4.766  0.293  2.416
 -10.278  3.913  0.293 -3.996  0.754
 -1.898 -1.593  2.416  0.754 -6.614
  3.433 -10.077 -0.948 -10.278 -1.898
 -10.077 -16.543 -2.913  3.913 -1.593
 -0.948 -2.913 -4.766  0.293  2.416
 -10.278  3.913  0.293 -3.996  0.754
 -1.898 -1.593  2.416  0.754 -6.614
  3.433 -10.077 -0.948 -10.278 -1.898
 -10.077 -16.543 -2.913  3.913 -1.593
 -0.948 -2.913 -4.766  0.293  2.416
 -10.278  3.913  0.293 -3.996  0.754
 -1.898 -1.593  2.416  0.754 -6.614
  3.433 -10.077 -0.948 -10.278 -1.898
 -10.077 -16.543 -2.913  3.913 -1.593
 -0.948 -2.913 -4.766  0.293  2.416
 -10.278  3.913  0.293 -3.996  0.754
 -1.898 -1.593  2.416  0.754 -6.614
  3.433 -10.077 -0.948 -10.278 -1.898
 -10.077 -16.543 -2.913  3.913 -1.593
 -0.948 -2.913 -4.766  0.293  2.416
 -10.278  3.913  0.293 -3.996  0.754
 -1.898 -1.593  2.416  0.754 -6.614
  3.433 -10.077 -0.948 -10.278 -1.898
 -10.077 -16.543 -2.913  3.913 -1.593
 -0.948 -2.913 -4.766  0.293  2.416
 -10.278  3.913  0.293 -3.996  0.754
 -1.898 -1.593  2.416  0.754 -6.614
  3.433 -10.077 -0.948 -10.278 -1.898
 -10.077 -16.543 -2.913  3.913 -1.593
 -0.948 -2.913 -4.766  0.293  2.416
 -10.278  3.913  0.293 -3.996  0.754
 -1.898 -1.593  2.416  0.754 -6.614
        10   257.26399     -2740.1179     -2720.1987      25647.957    
  3.507 -10.143 -0.922 -10.330 -1.937
 -10.143 -16.502 -2.912  3.968 -1.607
 -0.922 -2.912 -4.801  0.263  2.431
 -10.330  3.968  0.263 -3.968  0.757
 -1.937 -1.607  2.431  0.757 -6.574
  3.507 -10.143 -0.922 -10.330 -1.937
 -10.143 -16.502 -2.912  3.968 -1.607
 -0.922 -2.912 -4.801  0.263  2.431
 -10.330  3.968  0.263 -3.968  0.757
 -1.937 -1.607  2.431  0.757 -6.574
        11   259.02569     -2740.2559     -2720.2004      29013.301    
  3.595 -10.216 -0.898 -10.392 -1.984
 -10.216 -16.456 -2.908  4.029 -1.617
 -0.898 -2.908 -4.839  0.232  2.444
 -10.392  4.029  0.232 -3.930  0.761
 -1.984 -1.617  2.444  0.761 -6.527
  3.595 -10.216 -0.898 -10.392 -1.984
 -10.216 -16.456 -2.908  4.029 -1.617
 -0.898 -2.908 -4.839  0.232  2.444
 -10.392  4.029  0.232 -3.930  0.761
 -1.984 -1.617  2.444  0.761 -6.527
        12   263.24471     -2740.5866     -2720.2044      32061.355    
  3.696 -10.295 -0.877 -10.462 -2.036
 -10.295 -16.413 -2.898  4.093 -1.624
 -0.877 -2.898 -4.885  0.199  2.456
 -10.462  4.093  0.199 -3.888  0.766
 -2.036 -1.624  2.456  0.766 -6.477
  3.696 -10.295 -0.877 -10.462 -2.036
 -10.295 -16.413 -2.898  4.093 -1.624
 -0.877 -2.898 -4.885  0.199  2.456
 -10.462  4.093  0.199 -3.888  0.766
 -2.036 -1.624  2.456  0.766 -6.477
        13   269.32029     -2741.0626     -2720.21        34721.265    
  3.809 -10.382 -0.855 -10.537 -2.088
 -10.382 -16.372 -2.883  4.159 -1.626
 -0.855 -2.883 -4.935  0.169  2.464
 -10.537  4.159  0.169 -3.846  0.772
 -2.088 -1.626  2.464  0.772 -6.432
  3.809 -10.382 -0.855 -10.537 -2.088
 -10.382 -16.372 -2.883  4.159 -1.626
 -0.855 -2.883 -4.935  0.169  2.464
 -10.537  4.159  0.169 -3.846  0.772
 -2.088 -1.626  2.464  0.772 -6.432
        14   276.34791     -2741.6126     -2720.2158      36933.083    
Loop time of 14.0099 on 8 procs for 14 steps with 600 atoms

Performance: 0.022 ns/day, 1111.898 hours/ns, 0.999 timesteps/s
236.4% CPU use with 1 MPI tasks x 8 OpenMP threads

MPI task timing breakdown:
Section |  min time  |  avg time  |  max time  |%varavg| %total
---------------------------------------------------------------
Pair    | 4.4105e-05 | 4.4105e-05 | 4.4105e-05 |   0.0 |  0.00
Bond    | 1.101e-06  | 1.101e-06  | 1.101e-06  |   0.0 |  0.00
Neigh   | 0.0016595  | 0.0016595  | 0.0016595  |   0.0 |  0.01
Comm    | 0.00028342 | 0.00028342 | 0.00028342 |   0.0 |  0.00
Output  | 0.023312   | 0.023312   | 0.023312   |   0.0 |  0.17
Modify  | 13.984     | 13.984     | 13.984     |   0.0 | 99.82
Other   |            | 0.0001312  |            |       |  0.00

Nlocal:            600 ave         600 max         600 min
Histogram: 1 0 0 0 0 0 0 0 0 0
Nghost:            258 ave         258 max         258 min
Histogram: 1 0 0 0 0 0 0 0 0 0
Neighs:            396 ave         396 max         396 min
Histogram: 1 0 0 0 0 0 0 0 0 0

Total # of neighbors = 396
Ave neighs/atom = 0.66
Ave special neighs/atom = 0
Neighbor list builds = 14
Dangerous builds = 14
Total wall time: 0:00:36
